rollout/ep_len_mean,rollout/ep_rew_mean,time/fps,time/episodes,time/total_timesteps,time/time_elapsed,train/learning_rate,train/critic_loss,train/n_updates,train/actor_loss,eval/mean_reward,eval/mean_ep_length
40.0,45.749433749999994,2471,4,160,0,,,,,,
29.0,22.194041499999997,426,8,232,0,0.001,0.009967769004611505,118,-1.144271691640218,,
25.333333333333332,14.362090749999998,355,12,304,0,0.001,0.007561599499442511,190,-1.0063037077585857,,
23.5,10.468486875,320,16,376,1,0.001,0.010695567328689827,262,-0.9500792092747159,,
22.3,8.130978799999998,301,20,446,1,0.001,0.01732059503491554,332,-0.8621854848331876,,
21.583333333333332,6.556847958333333,289,24,518,1,0.001,0.02884539056362377,404,-0.8324145873387655,,
21.071428571428573,5.397403142857143,283,28,590,2,0.001,0.031191587810301118,476,-0.5535668631394705,,
20.6875,4.539042343749999,276,32,662,2,0.001,0.02252786239195201,548,-0.47263697783152264,,
20.38888888888889,3.891382055555555,270,36,734,2,0.001,0.030205876773430243,620,-0.440161880519655,,
20.15,3.342895374999999,265,40,806,3,0.001,0.03174271682898203,692,-0.30704574866427314,,
19.954545454545453,2.9089109090909084,261,44,878,3,0.001,0.028710785477111738,764,-0.22161872105465996,,
19.75,2.5783776458333336,257,48,948,3,0.001,0.03415197858379947,834,-0.08773449311653773,,
,,,,1000,,0.001,0.13487462140619755,896,-0.6578144837509502,38.893459713459016,22.1
19.923076923076923,5.369941596153847,241,52,1036,4,0.001,0.23526559668508443,918,-0.6663803227923133,,
20.053571428571427,7.7389491785714295,239,56,1123,4,0.001,0.35112729329954495,1005,-1.3710861802101135,,
20.183333333333334,9.813857666666667,235,60,1211,5,0.001,0.469258805567568,1093,-2.1034136685458096,,
20.3125,11.646934828125,233,64,1300,5,0.001,0.2842711806297302,1182,-2.335031097585505,,
20.397058823529413,13.216181117647057,231,68,1387,5,0.001,0.3891710022633726,1270,-2.870564655824141,,
20.48611111111111,14.632000333333334,231,72,1475,6,0.001,0.30072222920981323,1357,-3.3903373154726895,,
20.57894736842105,15.90955905263158,230,76,1564,6,0.001,0.3166448680514639,1446,-3.836513129147616,,
20.65,17.0504762,230,80,1652,7,0.001,0.43598192433516186,1533,-4.6178041219711305,,
20.36904761904762,17.279748488095237,228,84,1711,7,0.001,0.505010826247079,1608,-7.188015699386597,,
19.761363636363637,16.762738375,228,88,1739,7,0.001,0.5612388849258423,1636,-6.998165249824524,,
19.206521739130434,16.295098282608695,228,92,1767,7,0.001,0.54529841031347,1664,-6.189362645149231,,
18.697916666666668,15.86703771875,228,96,1795,7,0.001,0.5653802454471588,1692,-6.578811168670654,,
18.23,15.472464399999996,228,100,1823,7,0.001,1.0090067727225167,1720,-6.915841221809387,,
16.91,13.882073639999998,229,104,1851,8,0.001,1.549756578036717,1748,-6.547090768814087,,
16.47,14.177304480000002,229,108,1879,8,0.001,1.4439672572272164,1776,-7.330937385559082,,
16.03,14.471379880000002,228,112,1907,8,0.001,1.9917326654706682,1804,-8.369375705718994,,
15.59,14.762578309999999,228,116,1935,8,0.001,2.0806926488876343,1832,-8.26465392112732,,
15.17,15.052578519999997,228,120,1963,8,0.001,2.584762692451477,1860,-8.477622747421265,,
14.73,15.342804520000001,227,124,1991,8,0.001,2.4544955832617625,1888,-9.47402310371399,,
,,,,2000,,0.001,2.791239159447806,1902,-9.047479391098022,6.01663509607315,7.0
14.29,15.646762599999999,226,128,2019,8,0.001,2.1549187813486372,1916,-9.091814279556274,,
13.85,15.94637308,226,132,2047,9,0.001,3.064324906894139,1944,-9.71852707862854,,
13.41,16.23495275,226,136,2075,9,0.001,3.453274267060416,1972,-10.191314697265625,,
12.97,16.53343295,226,140,2103,9,0.001,5.240611859730312,2000,-10.579125165939331,,
12.53,16.826441970000005,226,144,2131,9,0.001,3.9363954407828197,2028,-9.914342403411865,,
12.11,17.10385953,226,148,2159,9,0.001,3.0122672149113248,2056,-10.285516500473022,,
11.51,15.78614628,226,152,2187,9,0.001,4.889809472220285,2084,-10.899824857711792,,
10.92,14.48177275,226,156,2215,9,0.001,5.1905884231839865,2112,-11.44241213798523,,
10.32,13.161138659999999,226,160,2243,9,0.001,4.67373708316258,2140,-9.983399629592896,,
9.71,11.832750689999997,225,164,2271,10,0.001,4.911443284579685,2168,-10.335484027862549,,
9.12,10.53887932,225,168,2299,10,0.001,4.014307192393711,2196,-10.369287252426147,,
9.32,10.85729438,225,172,2407,10,0.001,7.975625016472557,2288,-9.48576597733931,,
9.33,10.88197795,225,176,2497,11,0.001,7.524271825085515,2379,-10.018433830954812,,
9.61,11.108927700000002,225,180,2613,11,0.001,4.601906532826631,2494,-10.066962003707886,,
9.92,11.81425982,225,184,2703,11,0.001,5.211698803034696,2584,-11.615633010864258,,
10.53,13.141954149999998,225,188,2792,12,0.001,4.51566389628819,2674,-11.146466948769309,,
11.13,14.454839710000002,225,192,2880,12,0.001,4.23254759203304,2763,-11.526673750443893,,
11.75,15.79718837,225,196,2970,13,0.001,3.768862480467016,2851,-11.585826006802646,,
,,,,3000,,0.001,5.266023770622585,2897,-12.534307219765402,39.05796830654144,22.2
12.36,17.115880509999997,222,200,3059,13,0.001,3.6217272606762974,2941,-13.315032092007725,,
12.99,18.465618539999994,221,204,3150,14,0.001,4.502270724462426,3032,-13.279189427693685,,
13.62,19.82111085,220,208,3241,14,0.001,4.099248637323794,3123,-13.181350534612482,,
14.23,21.13930491,220,212,3330,15,0.001,3.47635055884071,3212,-14.070577224095663,,
14.82,22.4143251,220,216,3417,15,0.001,2.61065883012045,3299,-14.038114070892334,,
15.42,23.72579651,220,220,3505,15,0.001,2.3737263598225335,3387,-14.528312162919478,,
16.05,25.078009449999996,220,224,3596,16,0.001,2.016579095436179,3477,-14.9317383332686,,
16.67,26.42066661,220,228,3686,16,0.001,1.5363556690838025,3568,-15.86915373802185,,
17.3,27.763497440000005,220,232,3777,17,0.001,0.9858402583910071,3658,-16.360097885131836,,
17.9,29.080517830000005,220,236,3865,17,0.001,1.8173583366654136,3747,-17.286752527410332,,
18.52,30.41469418999999,220,240,3955,17,0.001,1.6241903738542036,3838,-16.759592576460406,,
,,,,4000,,0.001,1.4266163300384174,3881,-17.07673488963734,38.86536754369736,22.2
19.13,31.737947449999997,219,244,4044,18,0.001,1.7367380992932753,3926,-16.862193974581633,,
19.74,33.05056218,219,248,4133,18,0.001,0.9557094926183874,4015,-17.466956398703836,,
20.36,34.38641468,219,252,4223,19,0.001,1.6124641814015128,4104,-17.59278678894043,,
20.99,35.73042639,220,256,4314,19,0.001,0.8868351656457653,4196,-18.36987892786662,,
21.59,37.041558949999995,220,260,4402,19,0.001,1.2521387961777775,4284,-18.464895248413086,,
22.2,38.361064379999995,220,264,4491,20,0.001,0.8981971287209055,4372,-18.884497960408527,,
22.79,39.65003018,220,268,4578,20,0.001,1.2073446837338535,4460,-19.656034989790484,,
22.59,39.32757346,220,272,4666,21,0.001,1.3648819693110206,4548,-19.666643836281516,,
22.6,39.337703340000004,220,276,4757,21,0.001,1.4782000807198612,4638,-19.851560245860707,,
22.3,39.07938062,220,280,4843,21,0.001,1.8417913214020107,4726,-19.87142785390218,,
22.29,39.058392170000005,220,284,4932,22,0.001,1.6832314470539922,4814,-20.730208079020183,,
,,,,5000,,0.001,1.8722203515824818,4901,-20.346578216552736,38.85202704668045,22.2
22.28,39.03633947,219,288,5020,22,,,,,,
22.27,39.013551840000005,219,292,5107,23,0.001,1.9453345157883384,4990,-21.045410329645332,,
22.27,38.99827889000001,219,296,5197,23,0.001,1.7277456521987915,5078,-21.14091543717818,,
22.25,38.96466246,219,300,5284,24,0.001,1.6757305508310145,5166,-21.430212887850676,,
22.23,38.93263326,220,304,5373,24,0.001,1.6796776245940814,5254,-20.91085399280895,,
22.21,38.890290809999996,220,308,5462,24,0.001,1.758069272922433,5344,-21.29437478383382,,
22.65,39.438167869999994,221,312,5595,25,0.001,3.5684100571605892,5459,-21.299581209818523,,
24.12,41.66104784,222,316,5829,26,0.001,2.364364819093184,5660,-22.290011474064418,,
,,,,6000,,0.001,3.1020559072494507,5820,-22.586889440363105,91.86447732448578,50.7
26.83,46.90754596,221,320,6188,27,0.001,2.534979902287965,6002,-22.70781318177568,,
29.06,51.4015258,222,324,6502,29,0.001,3.496767913141558,6311,-23.74767535665761,,
31.81,56.78836240999999,222,328,6867,30,0.001,4.2665485438480175,6678,-24.395162663561234,,
,,,,7000,,0.001,4.689354237689767,6864,-24.974508163776804,178.47989196181297,86.2
34.43,62.369868939999996,218,332,7220,33,0.001,5.082875235136165,7036,-25.585100794947426,,
36.57,66.54831478999999,218,336,7522,34,0.001,5.220399665278058,7359,-27.0405800398006,,
39.17,71.97409212,219,340,7872,35,0.001,6.284786302934993,7688,-27.934047178788617,,
,,,,8000,,0.001,6.413632613069871,7861,-27.87641429901123,172.08042414784433,86.6
41.73,77.38375165000001,216,344,8217,37,0.001,6.429513254831003,8033,-28.34884612504826,,
44.29,82.85586713,217,348,8562,39,0.001,6.728494366934133,8380,-29.491886050202126,,
46.85,88.32165332999999,217,352,8908,40,0.001,5.897672613461812,8726,-30.26274447007613,,
,,,,9000,,0.001,7.499064990843849,8899,-30.643061083416605,176.39713559150695,86.4
49.4,93.74458861000001,215,356,9254,43,0.001,6.529803569926772,9072,-31.329654161320175,,
50.49,95.87902215000003,214,360,9451,44,0.001,9.02781511607923,9317,-32.23276650278192,,
53.06,101.36254959000001,215,364,9797,45,0.001,11.041268814569232,9615,-32.49128040047579,,
,,,,10000,,0.001,10.966814990701346,9874,-33.609741254286334,176.9239723086357,87.1
55.67,106.85592872,214,368,10145,47,0.001,8.990695981816812,9962,-33.72804385965521,,
58.31,112.44519404000002,214,372,10497,48,0.001,10.308189817639285,10311,-34.48872544044672,,
60.53,116.77784058000002,214,376,10810,50,0.001,9.737246191690838,10652,-35.629798889160156,,
,,,,11000,,0.001,11.752834312499516,10901,-36.035204733571696,110.37816304564475,60.8
62.13,119.72827170000002,213,380,11056,51,,,,,,
63.62,122.49478509000001,213,384,11294,52,0.001,9.984791493043303,11136,-36.74379217624664,,
67.92,128.4098681,214,388,11812,54,0.001,12.00794312433543,11629,-38.338741497117645,,
,,,,12000,,0.001,13.039631168047586,11803,-38.8146797002748,109.93650132119656,120.0
,,,,13000,,0.001,11.734222929924726,11995,-39.2828338543574,464.30671098232267,461.7
82.39,143.77370355000002,207,392,13346,64,0.001,12.96183267390728,12995,-41.31824481201172,,
85.57,148.61645414,205,396,13754,66,0.001,15.555474151825083,13559,-44.21393769362877,,
,,,,14000,,0.001,13.15883825023969,13808,-45.101416015625,163.38575679659843,98.4
89.85,154.33956782,204,400,14269,69,0.001,14.930702089420897,14091,-45.20671606402025,,
92.37,159.32751105999998,204,404,14610,71,0.001,13.197268646883677,14432,-46.41652743021647,,
94.86,164.52017846,205,408,14948,72,0.001,17.41938342497899,14764,-47.04996470915965,,
,,,,15000,,0.001,12.660212131646963,14865,-47.991598765055336,205.5234029442072,98.8
94.83,164.70966750000002,203,412,15078,74,0.001,17.036794405717117,14969,-49.125993728637695,,
92.96,161.26747659,203,416,15125,74,0.001,14.29878580570221,15018,-48.40186882019043,,
89.87,154.82569496,203,420,15175,74,0.001,33.95186114311218,15065,-49.06271743774414,,
87.2,149.05743320999997,203,424,15222,74,0.001,27.579908510049183,15115,-49.29820442199707,,
84.0,142.37340159,203,428,15267,75,0.001,18.363190452257793,15160,-49.71950340270996,,
80.91,135.48247181,203,432,15311,75,0.001,15.057908448305996,15204,-50.014708836873375,,
78.34,130.02251213,203,436,15356,75,0.001,23.65380573272705,15248,-48.20122146606445,,
75.3,123.31273797999998,203,440,15402,75,0.001,27.85070006052653,15295,-49.395477294921875,,
72.31,116.64343369999997,203,444,15448,75,0.001,20.040546894073486,15340,-49.91484832763672,,
71.06,113.96373828,204,448,15668,76,0.001,24.5378796921836,15561,-50.65307066175673,,
68.05,107.18338292,204,452,15713,76,0.001,15.160029367967086,15606,-50.20586840311686,,
65.04,100.43329993999998,204,456,15758,77,0.001,27.86144325949929,15651,-50.520545196533206,,
63.53,97.01082172999999,204,460,15804,77,0.001,27.34805031256242,15697,-50.823736572265624,,
60.51,90.21316361,204,464,15848,77,0.001,30.457774465734307,15741,-51.280663299560544,,
57.48,83.45384786999999,204,468,15893,77,0.001,25.547384182612102,15786,-50.080251693725586,,
54.41,76.56652117,204,472,15938,77,0.001,11.488629666241733,15830,-50.29768308003744,,
51.72,70.88181868,204,476,15982,78,0.001,17.54826658422297,15875,-51.18859786987305,,
,,,,16000,,0.001,26.45398898558183,15897,-49.522534942626955,6.329309429973364,11.3
49.7,66.65475903999999,204,480,16026,78,0.001,18.93678314035589,15919,-51.229461669921875,,
48.58,64.47247515,205,484,16152,78,0.001,24.93517652424899,15963,-50.78954849243164,,
46.25,62.61423519,205,488,16437,80,0.001,19.75611373119884,16270,-51.9822875128852,,
33.76,51.12499970999999,205,492,16722,81,0.001,21.472408215204876,16559,-52.20462251320863,,
,,,,17000,,0.001,14.369148443142572,16848,-52.756191889444985,146.92404581904412,74.0
32.62,50.49700238999999,204,496,17016,83,,,,,,
30.46,49.14649518,205,500,17315,84,0.001,18.364038222544902,17149,-53.35067398483689,,
29.96,48.31452812,205,504,17606,85,0.001,19.41511470079422,17434,-53.621602588229706,,
29.91,48.32624508,205,508,17939,87,0.001,14.006913193534402,17758,-54.52794753673465,,
,,,,18000,,0.001,19.37048359478221,17843,-54.38834962390718,173.81785686016082,84.1
32.19,53.46987836999999,204,512,18297,89,0.001,19.823533963621333,18111,-55.216604406183414,,
35.28,60.38396607,205,516,18653,90,0.001,13.686849780466364,18468,-56.085791241038926,,
,,,,19000,,0.001,22.867408207484655,18826,-57.15655865876571,184.38219383358955,90.7
38.38,67.3126819,204,520,19013,92,,,,,,
41.5,74.29923771,205,524,19372,94,0.001,16.144505047798155,19187,-57.89064576890733,,
44.64,81.2948746,205,528,19731,96,0.001,17.354145167918688,19548,-59.065288882785374,,
,,,,20000,,0.001,15.543728012930263,19902,-59.727172504771836,179.92702129483223,88.8
47.76,88.25929930000001,204,532,20087,98,,,,,,
50.85,95.19873379999997,204,536,20441,99,0.001,17.088948477398265,20256,-59.62544753334739,,
53.93,102.14336739000001,205,540,20795,101,0.001,17.90247017145157,20609,-60.43499911915172,,
,,,,21000,,0.001,21.619449988178822,20875,-61.10337306177893,179.45525366663932,88.2
57.0,109.05442741000003,204,544,21148,103,0.001,22.647646475921977,20963,-61.28321274844083,,
58.32,111.87976499,204,548,21500,105,0.001,19.312995325435292,21316,-61.86152267456055,,
61.37,118.77385078999998,204,552,21850,106,0.001,20.046897945732905,21666,-62.457636313004926,,
,,,,22000,,0.001,22.04971134391698,21842,-62.838596083901145,179.75727172493936,87.3
64.42,125.68880569999999,204,556,22200,108,0.001,16.171577949415553,22017,-63.63438866355202,,
67.44,132.52249314999997,204,560,22548,110,0.001,22.420366390184924,22365,-63.57776468450373,,
70.49,139.40118625,204,564,22897,111,0.001,17.826958604834296,22714,-64.21814103560014,,
,,,,23000,,0.001,22.233353060345316,22887,-64.65282129686932,176.10498049259186,86.9
73.53,146.16893004999997,204,568,23246,113,0.001,19.436799867586657,23062,-64.28989627144553,,
76.56,153.01518714999997,204,572,23594,115,0.001,21.450490394303966,23410,-65.60981262561887,,
79.65,159.82049713,205,576,23947,116,0.001,21.315187654711984,23763,-65.76328346946023,,
,,,,24000,,0.001,26.312308170578696,23851,-66.21744355288419,175.97299299836158,87.0
82.69,166.64035889000002,204,580,24295,118,0.001,23.32278283985182,24111,-65.93081398897392,,
84.89,171.47600601000002,204,584,24641,120,0.001,21.98847794532776,24459,-66.21034136685458,,
85.44,172.63489231,205,588,24981,121,0.001,22.690661224451933,24797,-67.34140664880925,,
,,,,25000,,0.001,15.491528638384558,24885,-67.08636916767468,173.65982825160026,86.5
85.9,173.86875862,204,592,25312,123,0.001,23.976036691665648,25144,-67.29418457386106,,
86.32,174.75480548999997,204,596,25648,125,0.001,21.2716660824689,25469,-67.49951640042391,,
86.72,175.59475808,205,600,25987,126,0.001,22.473458701166614,25806,-68.63526474345814,,
,,,,26000,,0.001,21.91022911632762,25891,-68.16707120622907,169.558082985878,84.6
87.17,176.60954972,204,604,26323,128,0.001,26.770436609847636,26143,-69.35187021891277,,
87.2,176.63274933999998,204,608,26659,130,0.001,23.231364003543195,26474,-68.85758651386608,,
,,,,27000,,0.001,15.359633054844169,26826,-69.7507079368414,179.33981100320815,88.7
87.04,176.09578220999995,203,612,27001,132,,,,,,
86.86,175.58458642000005,204,616,27339,133,0.001,19.983375170651605,27155,-69.55820937383743,,
86.9,175.77237496,204,620,27703,135,0.001,17.44166769776293,27516,-69.85226010261698,,
,,,,28000,,0.001,21.309159561827943,27853,-70.83942532009549,188.24041234850884,89.7
86.66,175.29852231999993,203,624,28038,137,,,,,,
86.63,175.37590394999998,203,628,28394,139,0.001,20.545946870531356,28210,-71.12153161090353,,
86.58,175.42757322999995,203,632,28745,140,0.001,22.287991446918912,28560,-71.43076494004991,,
,,,,29000,,0.001,20.701351190435474,28825,-71.33383196453715,186.07357206121088,97.2
86.8,175.00675246999998,203,636,29121,143,0.001,14.027999046173962,28913,-71.0730805830522,,
87.86,175.35375988000004,203,640,29581,145,0.001,19.557242626280296,29375,-71.95670330713666,,
88.41,175.54864490999998,203,644,29989,147,0.001,22.513824955983594,29795,-72.52829170227051,,
,,,,30000,,0.001,22.848716969392736,29893,-71.67446821563098,185.13502637520432,110.8
88.73,174.1391159,203,648,30373,149,0.001,19.912212604522704,30163,-71.93404831424836,,
89.43,172.66450818,203,652,30793,151,0.001,17.764407783426265,30576,-72.60908946585148,,
,,,,31000,,0.001,24.189076562081613,30885,-73.67776285807291,14.95318952636735,30.1
88.12,167.82045769999993,202,656,31012,152,,,,,,
86.92,162.99367584,203,660,31240,153,0.001,17.568901048766243,31112,-72.30764770507812,,
84.8,156.60227491,203,664,31377,154,0.001,36.45774069954367,31248,-72.39354975083295,,
83.27,151.18986434,203,668,31573,154,0.001,22.91233428319295,31384,-73.46624077690973,,
81.53,145.06288603000002,203,672,31747,155,0.001,27.62043487458002,31620,-74.18255251929874,,
79.48,138.73258876,203,676,31895,156,0.001,30.264742976143246,31762,-73.15009998139881,,
,,,,32000,,0.001,41.20921005521502,31879,-72.93344261532738,18.354220838285983,42.2
77.72,132.50215576,203,680,32067,157,0.001,44.973906063452,31920,-73.22415560767764,,
76.16,126.48376299999998,203,684,32257,158,0.001,14.72146008877044,32108,-73.4582306543986,,
75.21,121.14273835999998,204,688,32502,159,0.001,40.263757365090505,32338,-73.83720970153809,,
,,,,33000,,0.001,29.225979166030882,32767,-73.53505289713542,253.5429243594408,151.3
76.99,119.58697496999999,203,692,33011,162,,,,,,
,,,,34000,,0.001,36.39133776101199,33025,-73.0628336126154,970.4037254810333,1000.0
,,,,35000,,0.001,30.806353365659714,34025,-74.4152806854248,969.1914486348629,1000.0
,,,,36000,,0.001,31.299765438795088,35025,-75.11820892333985,977.168660646677,967.7
104.73,143.01528767999997,190,696,36121,189,,,,,,
105.2,144.21580065999999,187,700,36507,194,0.001,39.44966069180915,36319,-75.79276097074468,,
,,,,37000,,0.001,28.444868664682648,36816,-76.48966356098946,208.0508113205433,99.3
108.77,148.7225434,187,704,37200,198,0.001,33.85084805121789,36998,-76.2365140500276,,
110.81,151.77462902999997,188,708,37740,200,0.001,27.284628103445243,37497,-75.91789855957032,,
,,,,38000,,0.001,26.337567094875418,37828,-76.12714800627336,256.4671197861433,146.5
113.37,155.21631700999998,187,712,38338,203,0.001,27.620212381325878,38140,-76.37801537146935,,
114.16,157.07058037,188,716,38755,205,0.001,18.748637640114985,38553,-76.11387898970624,,
,,,,39000,,0.001,30.363263055390004,38856,-76.4560063680013,203.7531100153923,94.4
114.34,157.75900705,188,720,39137,208,0.001,24.54302055161932,38948,-75.72297286987305,,
114.79,158.95420002999998,188,724,39517,209,0.001,30.068771115938823,39330,-75.64421691894532,,
115.07,159.62966805999997,188,728,39901,211,0.001,20.633806383486874,39712,-76.53620863933952,,
,,,,40000,,0.001,25.83637911932809,39889,-76.5135118393671,179.94794129729272,90.0
115.1,159.53628029,188,732,40255,213,0.001,23.950739336568255,40065,-76.40064044331395,,
114.88,159.86633463,188,736,40609,215,0.001,18.992633713052626,40430,-77.2638014123795,,
113.8,159.47966593000004,188,740,40961,216,0.001,31.906331624877588,40778,-77.41115553114149,,
,,,,41000,,0.001,26.00379488385957,40865,-76.38191897370095,183.45103313922883,89.7
113.13,158.48569856999998,188,744,41302,218,0.001,19.805259088451944,41131,-77.15125760165128,,
112.41,158.00145729000002,188,748,41614,220,0.001,26.80204317893511,41444,-78.00726523050447,,
111.43,157.67866125,189,752,41936,221,0.001,32.259219133690614,41737,-77.36565166049533,,
,,,,42000,,0.001,23.796966175431187,41840,-77.94098091125488,109.58059933064506,73.6
112.39,160.37973559,188,756,42251,223,0.001,22.195705424533802,42082,-77.77531399197049,,
113.18,163.06403001,189,760,42558,224,0.001,19.174538410626926,42384,-78.09470484806941,,
115.01,167.63610067000002,189,764,42878,226,0.001,21.298721401170752,42713,-78.39884132562682,,
,,,,43000,,0.001,24.349292574049553,42861,-78.3436531653771,133.8160623252392,79.8
116.28,171.24211143999997,189,768,43201,228,0.001,23.739287222901435,43014,-78.38745488347234,,
118.46,177.36726907,189,772,43593,229,0.001,24.70747070633963,43394,-78.4875727335612,,
120.99,184.25874495,190,776,43994,231,0.001,27.238743564257256,43802,-78.77871087881235,,
,,,,44000,,0.001,17.144118301570415,43898,-79.32111994425456,200.78674613833428,99.6
123.22,191.09388531000005,189,780,44389,233,0.001,21.33217544356982,44197,-79.7277382214864,,
125.19,197.68589068,190,784,44776,235,0.001,17.11337037922181,44582,-79.4395666317064,,
,,,,45000,,0.001,20.906483156164896,44875,-80.45849529902141,208.8014018535614,100.2
126.68,204.30116914,189,788,45170,237,0.001,25.945584495468896,44976,-80.38637946633732,,
125.57,207.44028543000005,190,792,45568,239,0.001,21.414778741038575,45371,-80.87097479372608,,
98.47,185.65231233999998,190,796,45968,241,0.001,15.367437175675935,45769,-81.21558484844132,,
,,,,46000,,0.001,23.309436494864308,45872,-81.54174907390887,212.2372950732708,101.1
98.55,185.81844774,190,800,46362,243,0.001,23.5453176399072,46170,-81.46312808990479,,
95.6,182.98904539,190,804,46760,245,0.001,27.79607648702012,46566,-82.57656922632334,,
,,,,47000,,0.001,26.831206775179098,46862,-82.77269670075061,212.21151666641236,99.0
94.14,181.44863017999995,190,808,47154,247,0.001,25.53668284175372,46961,-82.05033267274194,,
92.03,179.23525929000004,190,812,47541,249,0.001,22.745457025674675,47346,-81.46178220665973,,
91.75,178.89149487000003,190,816,47930,251,0.001,24.774209015297167,47738,-83.01805801391602,,
,,,,48000,,0.001,27.695017784833908,47834,-82.87626854578654,206.01452612280846,96.9
91.81,179.03273266000005,190,820,48318,253,0.001,17.60005258023739,48126,-82.96733887990315,,
91.76,179.09497707000003,190,824,48693,255,0.001,19.760218680559934,48504,-83.20529357246731,,
,,,,49000,,0.001,21.520184884680077,48876,-83.80879114029256,201.01717532277107,95.0
91.67,179.20558685000003,190,828,49068,257,,,,,,
91.94,180.15908353999998,190,832,49449,259,0.001,28.214612863397086,49255,-84.06136753248131,,
92.17,181.33400451,191,836,49826,260,0.001,19.996531754732132,49634,-84.09435351689656,,
,,,,50000,,0.001,23.431478271779326,49827,-83.25462086995442,212.67474693655967,94.9
92.46,182.61871619,191,840,50207,262,0.001,20.290037860261634,50015,-83.9386358058199,,
92.88,184.71392046999995,191,844,50590,264,0.001,20.547776562826975,50398,-84.13790395308514,,
93.62,188.00251594999997,191,848,50976,266,0.001,14.71340341957248,50785,-84.23238450653699,,
,,,,51000,,0.001,16.68561873686941,50880,-83.98199065526326,212.49096717834473,94.7
94.22,191.16355522,191,852,51358,268,0.001,16.762188572244547,51166,-84.14930787378428,,
94.9,194.45906194999995,191,856,51741,269,0.001,27.857283010277698,51550,-85.09462591942321,,
,,,,52000,,0.001,16.390471005680585,51839,-83.7546754175303,215.78498270511628,96.7
95.69,198.19296967999998,191,860,52127,272,0.001,22.640857600674188,51936,-85.04814116808834,,
96.28,201.15909650999998,191,864,52506,273,0.001,18.187989844773945,52316,-84.74966351191203,,
96.86,204.01972410000002,192,868,52887,275,0.001,19.831586827288618,52696,-84.59740846053414,,
,,,,53000,,0.001,20.462915775775908,52891,-85.18514770507812,208.88335100412368,93.9
96.76,205.15194886999996,191,872,53269,277,0.001,16.83454334989507,53079,-84.28272101219665,,
96.5,205.86135918999997,192,876,53644,279,0.001,14.55279823785187,53455,-85.81659466287364,,
,,,,54000,,0.001,12.395321424971236,53831,-85.16622876106425,209.91762120127677,93.7
96.32,206.64799015000006,192,880,54021,281,,,,,,
96.22,207.46179338,192,884,54398,282,0.001,17.46905017411837,54207,-85.43011856079102,,
96.07,207.95449571,192,888,54777,284,0.001,14.296564501210263,54586,-85.73139317830403,,
,,,,55000,,0.001,17.616300798717297,54869,-85.50801589641165,205.21767040491105,94.5
95.83,207.98371527,192,892,55151,286,0.001,28.65209581518686,54962,-85.94722650406209,,
95.6,208.17524663,192,896,55528,288,0.001,14.73118401334641,55338,-85.34853931183511,,
95.38,208.46833706,192,900,55900,290,0.001,16.52102620964465,55711,-86.78058989151664,,
,,,,56000,,0.001,16.93009528746972,55895,-85.61604410807291,208.70395594239235,93.3
95.09,208.33083659999997,192,904,56269,292,0.001,25.383059211956557,56081,-86.0021163277004,,
94.93,208.59560740999999,192,908,56647,293,0.001,20.908796565701262,56454,-86.47739685058593,,
,,,,57000,,0.001,20.630000103844537,56828,-86.17376573350694,201.11365594863892,90.3
94.72,208.73787560999997,192,912,57013,295,,,,,,
94.53,208.89014655999995,192,916,57383,297,0.001,17.990707853566047,57194,-86.41113646134086,,
94.49,209.37524881,193,920,57767,299,0.001,21.090801204602744,57573,-86.39899015426636,,
,,,,58000,,0.001,16.035977686605147,57858,-86.83218497418343,220.67978558540344,96.2
94.49,209.82594171999997,192,924,58142,301,0.001,22.073693710068863,57954,-87.06749741236369,,
94.43,209.95140412,192,928,58511,303,0.001,24.26322235452368,58323,-86.25393108611411,,
94.36,210.21561538000003,193,932,58885,304,0.001,14.276638852789047,58693,-86.40916183147024,,
,,,,59000,,0.001,13.553320091649105,58884,-87.34702316919963,209.40509848594667,92.7
94.33,210.36779211,192,936,59259,307,0.001,18.02685364432957,59069,-87.16733302240786,,
94.34,210.65683640999998,193,940,59641,308,0.001,20.446259311794005,59448,-87.53001793063417,,
,,,,60000,,0.001,25.94135545402445,59825,-87.36524084339972,203.39454320073128,91.2
94.22,210.49739386000002,192,944,60012,311,,,,,,
94.14,210.42946092999998,193,948,60390,312,0.001,17.721225231251818,60198,-87.7016278530689,,
94.16,210.62409158999998,193,952,60774,314,0.001,18.423288234911467,60583,-88.36026763916016,,
,,,,61000,,0.001,18.302609067602255,60870,-87.43933946259168,215.4026667535305,95.4
94.16,210.9504149,193,956,61157,316,0.001,16.130734521895647,60966,-87.69962294896443,,
94.09,210.70775329999998,193,960,61536,318,0.001,17.38194718557535,61347,-87.64678430557251,,
94.02,210.49301806,193,964,61908,319,0.001,25.654805997584727,61719,-87.75589151585356,,
,,,,62000,,0.001,21.158841656100364,61812,-87.74894032579788,212.94194670319558,96.9
94.0,210.65931415,193,968,62287,322,0.001,16.46381122133006,62098,-86.40484038643216,,
93.91,210.48011504,193,972,62660,323,0.001,14.480017769721247,62474,-88.15447267572931,,
,,,,63000,,0.001,17.55233016065372,62840,-88.45965787197682,213.84657111167908,95.9
93.87,210.31710898999998,193,976,63031,325,,,,,,
93.79,210.02678718000004,193,980,63400,327,0.001,14.757280362831366,63214,-88.43246227761973,,
93.68,209.77328056000002,193,984,63766,329,0.001,20.400597100672513,63580,-88.04345487511677,,
,,,,64000,,0.001,15.568924241316946,63854,-87.93573363622029,210.91768887043,95.1
93.63,209.52621072,193,988,64140,331,0.001,14.746640647451082,63950,-88.24892950057983,,
93.59,209.65078689999999,193,992,64510,332,0.001,14.599423217249441,64320,-88.26150877579398,,
93.52,209.44234642,193,996,64880,334,0.001,18.13914026427515,64694,-88.39816221898916,,
,,,,65000,,0.001,11.05010959776965,64872,-88.74047834222966,189.22011694312096,93.3
93.42,208.71466557,193,1000,65242,336,0.001,16.659754958204044,65056,-88.67562752581657,,
93.46,208.85535155000002,194,1004,65615,338,0.001,14.422282013841855,65425,-88.4973965520444,,
93.33,208.48687316000004,194,1008,65980,339,0.001,13.419461772176955,65793,-87.9464845445421,,
,,,,66000,,0.001,18.32942899242862,65884,-87.62562975676164,205.09309022426606,91.1
93.38,208.64210223,194,1012,66351,341,0.001,15.212849386533101,66160,-88.6801015218099,,
92.83,207.06644225000002,194,1016,66666,343,0.001,19.624263092227604,66535,-88.79578814299211,,
,,,,67000,,0.001,19.022950867170927,66854,-88.81172748322183,219.32444741725922,95.3
92.77,206.76598926999995,194,1020,67044,345,,,,,,
92.73,206.66013615,194,1024,67415,346,0.001,17.56109595298767,67225,-89.17237406191619,,
92.88,207.19949718,194,1028,67799,348,0.001,12.360583521656155,67606,-88.27432313257334,,
,,,,68000,,0.001,16.220275618366358,67898,-89.22708145453005,224.7442551255226,97.0
93.0,207.67293872,194,1032,68185,350,0.001,14.236535043132548,67996,-88.65865092374841,,
93.03,207.86139161,194,1036,68562,352,0.001,11.560823782203125,68370,-88.52105930873326,,
93.05,207.88646502,194,1040,68946,353,0.001,23.071330645209866,68753,-89.60523905652634,,
,,,,69000,,0.001,15.414538644023777,68850,-89.75323486328125,226.3999955892563,97.6
93.25,208.57938078000004,194,1044,69337,356,0.001,14.836148235532972,69144,-89.66308822631837,,
93.33,209.02050238,194,1048,69723,357,0.001,13.507185036374121,69528,-89.06228310721261,,
,,,,70000,,0.001,19.859104414375462,69821,-90.42396825673629,226.37280451655388,97.1
93.38,209.32111082,194,1052,70112,360,0.001,15.182618773713404,69919,-90.22018728450853,,
93.37,209.46835976000003,194,1056,70494,361,0.001,19.961145182659752,70303,-89.2729469461644,,
93.38,209.79037766,194,1060,70874,363,0.001,18.315494389283028,70681,-90.09630065268658,,
,,,,71000,,0.001,14.29469988562844,70877,-90.55516348079759,224.84509194493293,97.2
93.6,210.87507417000003,194,1064,71268,365,0.001,10.6355127144833,71073,-89.75141361781529,,
93.71,211.68648849000002,194,1068,71658,367,0.001,17.280581862035422,71465,-89.76926671242228,,
,,,,72000,,0.001,18.331391722885602,71854,-90.35607084936025,224.4200180530548,96.4
93.87,212.72301460999998,194,1072,72047,370,,,,,,
94.09,213.67616697999998,194,1076,72440,371,0.001,16.597427967897396,72248,-89.75320839395329,,
94.34,214.66202009,194,1080,72834,373,0.001,22.015238863726456,72640,-89.57514397303264,,
,,,,73000,,0.001,10.662081357204553,72837,-90.47635323660714,225.60580197572708,97.1
94.6,215.69193495,194,1084,73226,375,0.001,11.755704712621945,73032,-91.34983825683594,,
94.83,216.59006909999997,194,1088,73623,377,0.001,12.333165769775709,73428,-90.73986673355103,,
,,,,74000,,0.001,21.161220209939138,73827,-90.17517821642818,230.39948517084122,99.7
95.13,217.37299742,194,1092,74023,380,,,,,,
95.55,218.43105896,194,1096,74435,382,0.001,16.478344041321957,74239,-89.797105380467,,
95.86,219.73854818000004,194,1100,74828,384,0.001,17.913803697861347,74634,-90.79652778469786,,
,,,,75000,,0.001,15.833611330207514,74732,-90.71363581443319,345.68001859784124,157.2
96.81,221.73885982000004,194,1104,75296,387,0.001,13.52412372888978,75103,-90.0010568300883,,
98.87,224.98658918000004,194,1108,75867,389,0.001,11.933985646408383,75594,-90.8581990260704,,
,,,,76000,,0.001,13.061243120559865,75771,-91.25670224970037,289.75032007098196,134.8
99.88,226.73534032000003,194,1112,76339,392,0.001,19.581939505903346,76141,-90.8917679368404,,
102.83,232.28632879,194,1116,76949,395,0.001,15.594309559184543,76689,-90.60585352579753,,
,,,,77000,,0.001,19.55579650256692,76853,-91.44514986363853,351.45189719200135,167.2
106.62,237.20686853000007,194,1120,77706,399,0.001,18.070048852120678,77419,-91.24490296995485,,
,,,,78000,,0.001,17.97726927770943,77854,-91.00727462768555,372.13764441013336,234.7
112.42,244.55804422000006,194,1124,78657,405,0.001,15.978270994292366,78333,-91.27544784545898,,
,,,,79000,,0.001,17.491452665946746,78808,-91.34293913072155,352.6062396645546,222.9
118.2,250.55624290000003,193,1128,79619,410,0.001,16.450832614898683,79258,-91.07726936002749,,
,,,,80000,,0.001,12.68955157312957,79841,-91.84056264049602,442.9281094133854,290.7
125.3,259.62089364999997,193,1132,80715,417,0.001,13.030314835635098,80410,-91.71606629646864,,
,,,,81000,,0.001,15.437500954554089,80890,-91.86367842730354,414.03414006233214,234.9
130.8,266.55561523,193,1136,81642,422,0.001,16.42560392167833,81319,-91.68349184308734,,
,,,,82000,,0.001,14.893205177893332,81764,-91.70069682270015,391.8150436103344,207.7
134.71,270.80995265,192,1140,82417,427,0.001,15.495562958106017,82138,-90.84671300771285,,
,,,,83000,,0.001,16.22084453437902,82637,-91.20550899264178,494.3666812877491,350.7
143.37,280.13964132,192,1144,83674,434,0.001,14.301158370479705,83174,-91.75585368322947,,
,,,,84000,,0.001,13.347909912024393,83578,-92.18362895096882,704.6119982200559,514.4
,,,,85000,,0.001,15.791344841847122,84886,-92.04417977962854,641.3106544782989,519.6
160.39,296.87305407,190,1148,85762,449,0.001,13.965415063328768,85268,-92.26027527654358,,
,,,,86000,,0.001,16.321839193303383,85666,-92.32923448265497,809.6810127429665,703.0
,,,,87000,,0.001,15.132849906682969,86666,-92.61551641845703,1038.1344070464372,1000.0
,,,,88000,,0.001,14.535465935230254,87666,-92.92073309326172,652.1121763678035,481.9
183.39,319.37428567,186,1152,88451,474,0.001,16.92686776047661,88191,-92.79428318984635,,
,,,,89000,,0.001,16.88600621744066,88758,-92.46057476383625,365.5718337595463,222.6
192.24,330.7002709800001,186,1156,89718,480,0.001,14.857733918817004,89221,-93.23905826144748,,
,,,,90000,,0.001,13.592601243694524,89622,-93.01619553447362,641.5968355778605,482.2
,,,,91000,,0.001,14.213356692900604,90620,-93.82929361277613,580.6300960178603,440.1
202.2,338.65540032999996,185,1160,91094,492,,,,,,
,,,,92000,,0.001,15.56754434009393,91536,-94.46348107655844,757.2765514904168,578.7
,,,,93000,,0.001,14.494501776811553,92069,-94.21130732486122,1032.3757456123828,1000.0
218.97,353.30653057,183,1164,93165,508,,,,,,
,,,,94000,,0.001,14.496432935541327,93619,-94.88523357044566,821.4281783312559,749.4
,,,,95000,,0.001,15.366137156798969,94500,-94.2048884305087,650.7323979407549,476.2
236.13,370.11733479000003,181,1168,95271,525,,,,,,
,,,,96000,,0.001,15.568762765460544,95175,-95.1427728443542,1041.8648121148349,1000.0
,,,,97000,,0.001,16.07404876065254,96175,-95.19735427856445,1036.1841621160506,1000.0
,,,,98000,,0.001,15.0462945501381,97710,-96.06265287256953,336.24654012322424,197.1
260.07,393.5973861300001,177,1172,98054,552,,,,,,
,,,,99000,,0.001,16.657528382218526,98881,-96.66443200025729,494.16555669307706,303.1
269.16,405.08806201999994,177,1176,99356,559,,,,,,
,,,,100000,,0.001,13.35157887490241,99442,-96.8184562096229,472.9610623061657,296.2
278.88,417.16024655000007,177,1180,100722,567,0.001,16.695616721507893,100315,-97.25201803236152,,
,,,,101000,,0.001,14.789264862177072,100626,-97.20610418075171,492.0523368597031,331.2
285.96,426.47645510999996,177,1184,101822,575,0.001,16.701322283796085,101545,-97.67395405102802,,
,,,,102000,,0.001,16.36794348184575,101726,-97.93106179708963,393.8870494306087,242.7
,,,,103000,,0.001,14.737866283339613,102724,-98.13205612407012,461.65931233763695,274.7
295.35,437.05265675000004,176,1188,103158,583,,,,,,
,,,,104000,,0.001,12.292660709244112,103243,-99.23934690687392,814.3213511705399,727.8
307.12,449.95218394999995,176,1192,104735,595,0.001,13.061026939639339,104459,-99.02333365546332,,
,,,,105000,,0.001,9.086537514792548,104639,-98.71878458658854,409.84047319889066,245.6
314.01,459.09477052,175,1196,105836,601,0.001,12.624210947503647,105567,-99.87930536270142,,
,,,,106000,,0.001,11.646422915375991,105740,-99.5067955104784,385.73127965331076,198.9
320.12,466.29857614,176,1200,106840,606,0.001,12.196094202689636,106508,-99.85231428879958,,
,,,,107000,,0.001,15.56033451173265,106744,-99.85014556626142,368.91034283638,181.3
322.93,470.9208064300001,175,1204,107589,611,0.001,15.462511995564336,107365,-100.30974922180175,,
,,,,108000,,0.001,14.251558663552267,107721,-101.6863709834584,1060.0184973359108,1000.0
,,,,109000,,0.001,12.337748231206621,108861,-100.74346444266183,342.9360726892948,154.7
332.55,480.94730221,174,1208,109122,625,,,,,,
334.52,484.9956054800001,174,1212,109791,628,0.001,14.171858775976933,109530,-100.12566734222044,,
,,,,110000,,0.001,13.614437237301388,109880,-100.79975973149782,349.11207728385926,161.6
335.38,487.13540034000005,174,1216,110487,632,0.001,13.033057289185868,110200,-101.37775569767147,,
,,,,111000,,0.001,18.988052117955554,110573,-101.35826898931147,572.5974688768387,381.7
336.6,489.44445612000004,174,1220,111366,638,0.001,12.494244285992213,111106,-100.3716534984355,,
,,,,112000,,0.001,17.189562339903944,111889,-101.82232349201784,386.09683641195295,197.9
335.17,489.22237903,174,1224,112174,643,,,,,,
332.83,489.2419899799999,174,1228,112902,646,0.001,11.189467747037003,112607,-102.33801446309904,,
,,,,113000,,0.001,14.36232473502806,112806,-102.14593811035157,339.5257744073868,152.3
332.21,489.28361345000013,174,1232,113936,651,0.001,17.484041964658633,113665,-102.15002323294284,,
,,,,114000,,0.001,14.160919208526611,113840,-101.88176155090332,423.4979494035244,233.9
330.3,488.6402031000001,174,1236,114672,656,0.001,13.07714745182319,114402,-102.23113159179688,,
,,,,115000,,0.001,14.358400077982383,114752,-102.01338533921675,358.99512459039687,170.5
329.59,490.14441519,174,1240,115376,660,0.001,15.595520327920498,115104,-102.31399312226668,,
,,,,116000,,0.001,11.076779695657583,115742,-102.45453281891652,382.9537744522095,194.9
323.51,485.70078887000005,174,1244,116025,664,,,,,,
309.29,474.20133504999995,174,1248,116691,667,0.001,11.170055334950671,116442,-102.92135930944372,,
,,,,117000,,0.001,9.38584322301965,116785,-103.5991006148489,345.80538167357446,158.6
289.19,456.98367919,174,1252,117370,671,0.001,13.13703857935392,117104,-104.08276621500652,,
,,,,118000,,0.001,19.519209894193274,117769,-104.19131323409407,325.57410162091253,139.7
282.86,450.7337046200001,174,1256,118004,675,,,,,,
275.56,447.99734327,174,1260,118650,678,0.001,13.234067027931971,118371,-104.75123647054036,,
,,,,119000,,0.001,15.369386517873375,118740,-104.5340312834709,351.25727531313896,163.8
261.42,438.29883375,174,1264,119307,682,0.001,10.527332777976989,119056,-104.72631103515624,,
247.05,426.62012392,175,1268,119976,684,0.001,21.337354712138904,119683,-104.59808298746745,,
,,,,120000,,0.001,12.264490500319427,119880,-104.83199495257753,346.487361651659,158.4
226.07,408.34175676,175,1272,120661,688,0.001,13.842271060030036,120414,-104.66840783235068,,
,,,,121000,,0.001,13.703685482105096,120893,-104.54740152014307,336.06669760346415,150.8
219.52,401.72641795000004,175,1276,121308,692,0.001,11.645172333106016,121049,-105.31503892556215,,
211.55,393.4275467200001,175,1280,121877,695,0.001,12.439115969126657,121638,-105.57868479410807,,
,,,,122000,,0.001,15.840166618773987,121781,-105.5482797757001,349.10948728322984,161.1
206.13,387.5720519,175,1284,122435,698,0.001,11.820715255670613,122197,-106.37294565120213,,
,,,,123000,,0.001,15.379552657924481,122773,-105.14401108471316,321.04987624287605,141.9
198.51,380.80694776,175,1288,123009,702,,,,,,
188.13,371.1004053400001,175,1292,123548,704,0.001,11.539937966111777,123319,-106.6178910628609,,
,,,,124000,,0.001,19.079811739570953,123869,-106.65826977000518,320.91454201340673,136.0
182.66,365.39719795000013,175,1296,124102,707,,,,,,
177.74,361.28375984999997,175,1300,124614,710,0.001,14.75056390724485,124387,-106.74167899479941,,
,,,,125000,,0.001,7.625049047332873,124802,-107.80656193324498,300.4513366758823,127.1
175.61,358.75188243,175,1304,125150,713,0.001,7.403375981283969,124924,-107.2605209350586,,
165.64,349.93804729999994,175,1308,125686,715,0.001,16.030316736681243,125469,-107.66046469552177,,
,,,,126000,,0.001,13.873048305511475,125900,-107.30983072916666,353.1498956978321,164.8
165.14,349.47535425,175,1312,126305,719,0.001,15.111329791004673,126063,-107.83884778434847,,
164.49,348.7934354,175,1316,126936,721,0.001,16.369261249419182,126683,-107.55326466746145,,
,,,,127000,,0.001,14.267797937818393,126840,-108.25020290326468,349.4313735902309,162.0
161.98,346.8852854,175,1320,127564,725,0.001,16.753121432505157,127314,-108.07963491740979,,
,,,,128000,,0.001,11.218467208723359,127875,-108.19926879882813,284.1308396935463,120.1
159.15,343.17844302000003,175,1324,128089,728,,,,,,
157.21,340.86775481999996,175,1328,128623,731,0.001,8.672502009764962,128397,-107.94274349489073,,
,,,,129000,,0.001,11.863680391476072,128813,-109.27616373697917,301.8233322262764,128.9
152.41,335.70243625999996,175,1332,129177,734,0.001,11.841325736227835,128944,-108.23195405439897,,
150.62,333.77297040999997,176,1336,129734,736,0.001,16.982202313627514,129506,-107.73334895542689,,
,,,,130000,,0.001,12.268204425062452,129778,-109.0494877406529,321.630081307888,130.5
149.15,332.22016547,176,1340,130291,740,0.001,17.267753767198133,130061,-109.21813469428521,,
148.46,331.53543131,176,1344,130871,742,0.001,10.504525791515004,130639,-109.66428573410232,,
,,,,131000,,0.001,18.425182605490964,130775,-108.7985393299776,320.00351257920266,135.7
147.41,330.55588021000005,176,1348,131432,746,0.001,15.753121217091879,131199,-109.38720470004611,,
145.9,328.95693023000007,176,1352,131960,748,0.001,11.46372724863199,131729,-109.49007075383113,,
,,,,132000,,0.001,9.964138801009566,131864,-108.91622262842515,338.0714325487614,151.0
145.49,328.57948872000003,176,1356,132553,752,0.001,19.355411289543504,132315,-109.48409108479818,,
,,,,133000,,0.001,14.80617037670953,132895,-109.123267691476,314.3667001545429,132.7
144.72,327.71514311,176,1360,133122,755,,,,,,
143.51,326.40382882,176,1364,133658,758,0.001,10.47865206003189,133433,-109.58212592385031,,
,,,,134000,,0.001,10.515839881969221,133821,-108.30258352106267,325.21182079911233,139.1
142.13,324.87792436999996,176,1368,134189,761,0.001,18.32962179353051,133962,-109.93429683631575,,
140.81,323.61781846,176,1372,134742,763,0.001,16.79344318990838,134513,-109.93746164400284,,
,,,,135000,,0.001,13.741640971388136,134786,-110.71078142438616,331.5715182900429,142.3
140.28,323.1420312100001,176,1376,135336,767,0.001,21.571761198446783,135068,-110.1200497049681,,
140.04,323.18669587,176,1380,135881,769,0.001,13.289698479832083,135640,-110.62589993684188,,
,,,,136000,,0.001,11.9816780188988,135785,-110.42023446824815,319.20282979607583,132.0
139.49,322.66204498,176,1384,136384,772,0.001,10.369140440225602,136165,-110.11872215270996,,
139.11,322.36119947,176,1388,136920,775,0.001,12.601317199707031,136683,-110.32783705188382,,
,,,,137000,,0.001,14.899074885862094,136824,-110.34260161493866,305.43837919831276,125.1
139.01,322.76586029000003,176,1392,137449,778,0.001,13.01802096939087,137218,-111.11869049072266,,
138.51,322.20861762,176,1396,137953,780,0.001,9.277250142324538,137721,-111.48038676428416,,
,,,,138000,,0.001,13.98627283467966,137857,-111.49133356879739,330.101628613472,143.1
138.67,322.50842083000003,176,1400,138481,783,0.001,14.098924374795175,138234,-111.6286757332938,,
,,,,139000,,0.001,17.79921502416784,138781,-111.18401244192412,329.73052163124083,143.4
138.7,322.92618428000003,176,1404,139020,787,,,,,,
138.74,323.24977626000003,176,1408,139560,789,0.001,14.96596724429029,139332,-111.24927552988831,,
,,,,140000,,0.001,14.496222517887752,139861,-111.51698748270671,327.28285311460496,140.0
137.92,322.25993230000006,176,1412,140097,792,,,,,,
137.06,321.44395148,176,1416,140642,795,0.001,14.501377902712141,140420,-112.6411128452846,,
,,,,141000,,0.001,14.809588059782982,140829,-111.37053287730498,346.5509407162666,159.5
136.66,321.06462274999996,176,1420,141230,798,0.001,11.359286941072476,140988,-112.30983333587646,,
136.55,321.63663238,176,1424,141744,801,0.001,11.354652502740077,141523,-111.69735825061798,,
,,,,142000,,0.001,15.124359025674707,141898,-111.2396120707194,335.62957791090014,143.8
136.52,321.71079861000004,176,1428,142275,804,0.001,14.7903947904706,142042,-112.47562079959445,,
136.55,321.97763168999995,177,1432,142832,806,0.001,16.053232919643907,142593,-111.79715672661277,,
,,,,143000,,0.001,12.475586030033085,142879,-113.247390209789,339.90818759202955,146.7
136.73,322.34480955999993,176,1436,143407,810,0.001,11.373779902091393,143169,-113.03488223653444,,
,,,,144000,,0.001,14.367293424331224,143762,-113.24443709544646,335.07344967126846,144.3
137.1,322.97348253,176,1440,144001,813,,,,,,
136.97,323.02584571,177,1444,144568,816,0.001,11.62541784485467,144324,-112.80756803240095,,
,,,,145000,,0.001,10.53364227282121,144759,-112.9024761303051,352.2358109474182,161.1
137.24,323.33866216999996,177,1448,145156,819,0.001,14.696512733186994,144920,-112.873752358519,,
137.6,323.92467631999995,177,1452,145720,822,0.001,13.804639068590541,145487,-113.28586358893408,,
,,,,146000,,0.001,9.485119747948813,145767,-113.57611825432576,343.53150168657305,151.2
137.57,324.03587935,177,1456,146310,825,0.001,16.35443260272344,146062,-114.39276599884033,,
138.12,324.85734274999993,177,1460,146934,828,0.001,14.605040749693229,146676,-113.95208175461013,,
,,,,147000,,0.001,15.538443231288298,146838,-113.06214772919078,346.1759451270103,156.6
139.17,326.15447815000005,177,1464,147575,832,0.001,13.212563824799895,147317,-113.95307197099851,,
,,,,148000,,0.001,13.25386708304286,147795,-114.93996019363404,348.5445154666901,159.3
140.18,327.46331541,177,1468,148207,836,0.001,12.275603710133353,147957,-114.64156831341025,,
141.27,328.7120794,177,1472,148869,839,0.001,14.222536611120875,148614,-114.21407178553139,,
,,,,149000,,0.001,9.563976305835652,148773,-115.59919197951692,353.27045718431475,162.3
141.85,329.30790057999997,177,1476,149521,842,0.001,13.959556125104427,149271,-115.02025547027588,,
,,,,150000,,0.001,10.11824222096426,149764,-114.33160836356026,366.072392731905,177.3
143.22,330.76449967,177,1480,150203,846,0.001,13.724805134466324,149938,-114.23455959626997,,
144.67,332.75228599,177,1484,150851,849,0.001,8.824260389877974,150591,-115.3089084389769,,
,,,,151000,,0.001,12.514474176779025,150755,-114.21152310255097,359.53540732860563,170.1
145.98,334.27925902000004,177,1488,151518,853,0.001,12.093980271676008,151261,-115.4673438577091,,
,,,,152000,,0.001,13.708307706821731,151758,-114.60459358747616,358.969824808836,168.4
147.54,335.9307772500001,177,1492,152203,857,0.001,10.606503205689771,151929,-115.65837985768037,,
149.4,338.13265733000003,177,1496,152893,861,0.001,10.353655524875807,152635,-115.26487964132558,,
,,,,153000,,0.001,18.22503843130889,152797,-116.57630496554904,365.8421718478203,178.3
151.02,340.1810263500001,177,1500,153583,865,0.001,12.346096285553866,153318,-116.64666694818541,,
,,,,154000,,0.001,16.661835491657257,153817,-116.48439118920302,350.22095385789873,162.1
152.14,341.29055355,177,1504,154234,868,0.001,15.823598591437252,153978,-116.29819130603178,,
152.62,341.76146841999997,177,1508,154822,871,0.001,16.853918221791584,154587,-116.84953694661458,,
,,,,155000,,0.001,13.91950207988158,154877,-117.06975423177083,340.28108248710635,149.2
153.35,342.66700815999997,177,1512,155432,875,0.001,10.930430580269206,155179,-117.29651314871651,,
,,,,156000,,0.001,13.829050620396933,155761,-117.11876988065416,344.4951578140259,155.7
153.7,343.04453543000005,177,1516,156012,878,,,,,,
153.94,343.3192161900001,177,1520,156624,881,0.001,14.741305805282828,156368,-116.61373006561656,,
,,,,157000,,0.001,16.862560753027598,156865,-116.93395428127712,336.66245033740995,147.0
155.3,344.97796067999997,177,1524,157274,885,0.001,10.766285290589204,157013,-116.8461590328732,,
156.03,346.04465944000003,177,1528,157878,888,0.001,17.462349583705265,157646,-116.97350801740374,,
,,,,158000,,0.001,14.39841461707564,157782,-118.01267231211943,334.0318559408188,147.4
156.25,346.36995301999997,177,1532,158457,891,0.001,19.312152695982423,158224,-116.64735391695206,,
,,,,159000,,0.001,13.392687479369075,158778,-117.16341443743025,341.5290005147457,149.3
156.15,346.37761985000003,177,1536,159022,895,,,,,,
156.21,346.40008033000004,177,1540,159622,897,0.001,13.40350797225018,159361,-117.51196477184557,,
,,,,160000,,0.001,12.77894080651773,159844,-116.62955062453811,343.64965745210645,150.8
156.68,346.90305492,177,1544,160236,901,0.001,11.645100417553179,159993,-117.11824448044236,,
156.45,346.48099883,177,1548,160801,904,0.001,14.93253189711262,160569,-117.4781603605851,,
,,,,161000,,0.001,8.925444815307856,160833,-116.5638792514801,326.83650666475296,133.4
156.17,346.18793811999996,177,1552,161337,907,0.001,10.9418736298879,161106,-117.17417811004209,,
155.78,345.67974923999986,177,1556,161888,909,0.001,10.680081240984858,161658,-117.66902346224398,,
,,,,162000,,0.001,20.38279207784738,161792,-117.2461229011194,323.83109732866285,134.6
154.88,344.72602220999994,177,1560,162422,912,0.001,10.075454811103471,162189,-117.01961317795974,,
153.77,343.65411116999996,178,1564,162952,915,0.001,16.421277161744925,162722,-117.95925492506761,,
,,,,163000,,0.001,10.918699472697813,162856,-117.94716689835734,327.14875481128695,136.0
152.93,342.80280917,177,1568,163500,918,0.001,11.197723419996944,163267,-117.41389038983513,,
,,,,164000,,0.001,14.287098618114696,163811,-117.55508995056152,316.503847181797,130.0
151.68,341.60535308000004,177,1572,164037,921,,,,,,
150.73,340.86266411,178,1576,164594,924,0.001,11.27847701868565,164360,-117.15053231375558,,
,,,,165000,,0.001,14.203434505883385,164894,-118.10088539123535,307.6590376377106,124.6
149.14,339.23439140999994,178,1580,165117,927,,,,,,
148.58,338.79608916999996,178,1584,165709,929,0.001,11.195556201682185,165451,-118.20460896809895,,
,,,,166000,,0.001,16.178309984610113,165894,-117.73771280637929,332.4955564618111,143.4
147.47,337.76853619999997,178,1588,166265,933,0.001,12.215143061972952,166042,-117.59047791764543,,
146.92,337.28610546999994,178,1592,166895,935,0.001,13.781305689685393,166642,-117.63737588179738,,
,,,,167000,,0.001,22.938576724119248,166799,-117.88053776667668,323.4998123049736,133.4
145.52,336.29092547,178,1596,167445,939,0.001,13.77598810541457,167213,-118.25277709960938,,
,,,,168000,,0.001,17.525165656922567,167782,-117.79595710861851,356.5448642253876,143.4
144.37,335.83667724,178,1600,168020,942,,,,,,
143.65,335.50033671999995,178,1604,168599,945,0.001,12.965662853829812,168357,-118.48831661327465,,
,,,,169000,,0.001,8.076180936621247,168782,-118.32107587541853,335.9473058283329,140.7
143.4,335.69138693,178,1608,169162,948,0.001,11.507621587590968,168923,-117.7455841064453,,
142.82,335.33786617,178,1612,169714,951,0.001,12.394252643656374,169474,-118.20930594828592,,
,,,,170000,,0.001,10.863570301873343,169900,-117.51818106515067,340.37843345999715,138.0
142.54,335.42088794000006,178,1616,170266,954,0.001,12.097188447696576,170038,-118.61767887723619,,
141.9,334.98854913,178,1620,170814,956,0.001,16.012386522186336,170580,-118.58102086764663,,
,,,,171000,,0.001,11.200044084286343,170856,-118.54809470798658,337.78435509204866,139.2
141.1,334.42488526999995,178,1624,171384,960,0.001,11.613623051179779,171139,-119.20298724704318,,
140.83,334.0457689599999,178,1628,171961,962,0.001,9.575636089653582,171721,-118.5691877829062,,
,,,,172000,,0.001,19.523087225026554,171865,-118.03376367357042,339.67598913908006,143.6
140.77,334.07382828999994,178,1632,172534,966,0.001,7.446003342178506,172291,-119.1948110016299,,
,,,,173000,,0.001,17.491025825747016,172880,-118.35933252283044,337.1431439936161,143.9
140.97,334.20204322999996,178,1636,173119,969,,,,,,
141.02,334.23666691,178,1640,173724,972,0.001,13.33563534029169,173484,-118.56990576409675,,
,,,,174000,,0.001,11.193418465554714,173772,-118.41708882649739,341.7728728890419,151.1
140.77,333.98072326,178,1644,174313,975,0.001,9.35687804546486,174070,-118.57554265615103,,
141.19,334.61303713,178,1648,174920,978,0.001,19.212882514093437,174670,-118.44042413884944,,
,,,,175000,,0.001,12.285876534201883,174824,-118.04012328308899,335.1326539635658,144.5
141.7,335.12174613,178,1652,175507,982,0.001,9.030271486876762,175259,-118.51588366782829,,
,,,,176000,,0.001,18.94126209947798,175862,-118.54388830396864,336.53680206537246,146.3
142.16,335.658806,178,1656,176104,986,,,,,,
142.76,336.26538003,178,1660,176698,989,0.001,9.314329451805836,176454,-118.56716496235616,,
,,,,177000,,0.001,11.811426252703512,176757,-118.01875315084087,342.35100293159485,149.9
143.61,337.05599693999994,178,1664,177313,992,0.001,7.319813171243356,177060,-118.14747599812297,,
144.16,337.72343781999996,178,1668,177916,995,0.001,9.80220177710451,177676,-118.96071534407766,,
,,,,178000,,0.001,12.702942312591606,177820,-119.05912314520941,344.2068517804146,151.8
144.68,338.1772953599999,178,1672,178505,998,0.001,11.226735481255346,178262,-118.56382271902902,,
,,,,179000,,0.001,8.228919632029983,178880,-119.34578037261963,349.6828993856907,159.3
145.39,338.5988425399999,178,1676,179133,1002,,,,,,
146.24,339.48988837999997,178,1680,179741,1005,0.001,10.624528396773982,179491,-119.53364882598052,,
,,,,180000,,0.001,11.631314278433198,179797,-119.94315950494064,339.9698132395744,156.8
146.36,339.37841503999994,178,1684,180345,1008,0.001,8.745938456469569,180098,-120.06305224274936,,
146.93,339.95622027999997,178,1688,180958,1011,0.001,11.250868305793176,180686,-119.98560180664063,,
,,,,181000,,0.001,11.883394242010333,180862,-119.07568290016867,345.49175121188165,151.2
147.02,340.2413445300001,178,1692,181597,1015,0.001,18.176013468285284,181342,-119.95240792667164,,
,,,,182000,,0.001,16.560725692503468,181847,-120.46110929925757,345.8621164679527,157.0
148.22,341.23474298,178,1696,182267,1018,0.001,8.090018340986068,181993,-119.82128373237505,,
149.51,342.04382867999993,179,1700,182971,1021,0.001,10.29157552835734,182694,-120.40210375578508,,
,,,,183000,,0.001,10.324749360427013,182875,-120.23076341417101,361.7674342751503,167.2
150.23,342.60751431000006,178,1704,183622,1025,0.001,11.196419856299652,183370,-120.47936788419398,,
,,,,184000,,0.001,15.209843208803933,183859,-121.0913748059954,361.83616362810136,167.2
151.35,343.50705261,178,1708,184297,1029,0.001,13.048971230333501,184024,-121.18677483983787,,
,,,,185000,,0.001,14.813736023749897,184732,-120.89742076143305,378.8452662110329,186.6
153.03,345.11858659000006,178,1712,185017,1033,,,,,,
154.57,346.55676709,179,1716,185723,1037,0.001,11.656570145663093,185459,-121.01000186695772,,
,,,,186000,,0.001,8.434310134018169,185797,-120.33658985811121,351.2228858828545,150.9
155.55,347.67856142999995,179,1720,186369,1041,0.001,15.606250919574915,186118,-120.46309298138286,,
155.65,347.7533354899999,179,1724,186949,1043,0.001,17.950371817719166,186713,-121.19180961277173,,
,,,,187000,,0.001,10.35004249896322,186853,-120.32714680262974,337.4476503610611,141.5
155.57,347.98657424000004,179,1728,187518,1047,0.001,14.533940638105074,187279,-120.96366151173909,,
,,,,188000,,0.001,13.568786341778553,187844,-120.73318647301716,327.6505892455578,138.5
155.44,347.8198379,179,1732,188078,1050,,,,,,
155.03,347.38914303999996,179,1736,188622,1053,0.001,6.583737429819609,188392,-120.6818664323038,,
,,,,189000,,0.001,12.85759075073635,188800,-122.44594596414005,329.44614597558973,136.9
154.5,346.89850729000005,179,1740,189174,1056,0.001,14.567964779294055,188938,-120.76428178427877,,
154.25,346.86713944,179,1744,189738,1059,0.001,8.988218664283483,189499,-120.2336968435368,,
,,,,190000,,0.001,6.925882194904571,189783,-121.48632866995675,350.291000020504,151.6
153.93,346.61842134000005,179,1748,190313,1062,0.001,9.654559819631174,190077,-121.34709930419922,,
153.92,346.78269587,179,1752,190899,1065,0.001,15.49220754824528,190656,-122.27755376454947,,
,,,,191000,,0.001,9.241345086876226,190803,-121.9258179338011,329.439676207304,139.2
153.6,346.4462261499999,179,1756,191464,1068,0.001,12.794653031273164,191226,-121.30219069771145,,
,,,,192000,,0.001,9.156097042119061,191781,-122.27866614042823,332.190553766489,139.0
153.17,345.90948667,179,1760,192015,1071,,,,,,
152.75,345.62131973000004,179,1764,192588,1074,0.001,11.157975385789157,192343,-121.69840689881207,,
,,,,193000,,0.001,12.44973256708919,192770,-122.9009702378425,347.247466480732,138.3
152.26,345.43202224,179,1768,193142,1077,0.001,11.11936716929726,192908,-122.59053537119989,,
151.9,345.50319657,179,1772,193695,1080,0.001,10.620518268422877,193463,-122.99703281947545,,
,,,,194000,,0.001,15.325114934113774,193875,-123.24082621406106,342.5046681880951,139.9
151.13,345.18919819,179,1776,194246,1083,0.001,11.618570603055062,194014,-121.97241712297712,,
150.6,345.06214283999986,179,1780,194801,1086,0.001,17.16752409334663,194565,-123.9809225331182,,
,,,,195000,,0.001,7.045298512044706,194781,-122.91593832718699,351.34825428724287,144.8
149.68,343.60895325999996,179,1784,195313,1089,0.001,8.629178059427705,195070,-123.4813259595061,,
149.37,343.89533865000004,179,1788,195895,1092,0.001,12.706136455069055,195653,-122.7827435345717,,
,,,,196000,,0.001,8.088996784327781,195799,-123.21621662296661,336.37240440249445,137.2
148.59,343.4823671600001,179,1792,196456,1095,0.001,11.019028209625407,196216,-123.09635925292969,,
,,,,197000,,0.001,15.565920520987776,196805,-123.52652200063069,360.9214148938656,152.1
147.85,343.29280254,179,1796,197052,1099,,,,,,
146.56,342.45820045,179,1800,197627,1101,0.001,12.536629091841833,197385,-123.37589329310826,,
,,,,198000,,0.001,11.097923525505596,197810,-123.56377379099528,387.24919006228447,166.0
145.86,342.19445536999984,179,1804,198208,1105,0.001,11.858384068854555,197977,-124.23324134550899,,
144.54,340.61866541,179,1808,198751,1107,0.001,8.535972290074648,198522,-122.51174642078912,,
,,,,199000,,0.001,11.319099037504907,198789,-123.72644976715543,321.03854011297227,129.9
142.64,338.66704614,179,1812,199281,1110,0.001,7.896303169709399,199054,-122.99724134758337,,
141.28,337.61511371,179,1816,199851,1113,0.001,19.437502476021095,199611,-123.1049412969333,,
,,,,200000,,0.001,7.131054648198187,199883,-124.91891479492188,337.6871532142162,136.8
